$ANSIBLE_VAULT;1.1;AES256
32363034626438373938316436313061646533363838396266323561643663343437636534346536
3630303532306363343439616462376561323463626130350a373037616330373333333634643564
63383437336465666464396630306534326631636365343338313739383835663338623161343561
6431303165313737310a623432393138373132366438326337646233653037623665303361383136
64316633333337373939396433636636333061616462376138383730386161633638613235633636
35653435663263613339393332396364366164376162646461656335363061656431313866643637
63643831336232643938336133393639656463656133386235346233343337353638353463396361
30303864336562373862643831613539636433366330363139343736326439313063353264313030
35353835343334353633636534643734333365616236666661373230613262306164316461363933
36663031393062623835636434373866373033373233623065633031376264343161373263653932
61663961383633353634343530323532636333663836663632323634636432363135356131303662
66623930346262323130383166386433376363636230313434613766636431633764663764633066
37343362343631386361653133333030353463303035616532663861386566396238653739376135
61616631376233376662623264393236393466396666653966323731356236373564633532613539
62393439373838616239613263643135613136363265326432623432383463346133333830323435
34353663373238386330623435643139333738653264303631376630353232653261663236323864
36323438363131386639623631396364653666326234373663333064613566633832653236353934
65333934653934323661343365633866633565623932643234663530613666633532666164313262
31366537343438633931373733643334643635313034656166343338313833353736313838326638
33663438356130383761383939363963373633383130376132653036343235326338366262353331
38386230616136373735373138646332636537316132336335393566653564653530643330653561
31386265623832636263333362396237353039616161356133343130323761396531313838656366
38346338626563616264663834383635393766323062313865376235633466353232376331393061
64663763306166363161316362323130653665643733346138336563343233303764636561333130
38616636326135663830633934383334333663383638303736653234393431623132346662366163
31326466343038623730383836383631376163303762303363376231376361343661353832313636
31303531303733303230373538626232396431393735373762666164646234366239613961336364
31376431656262636563
