$ANSIBLE_VAULT;1.1;AES256
36643430663732346533396135653834663434346630623337646238646533303331363031393234
6331353934383663623036633038663564633333393938360a353365643734366630653031386535
35373737303363323464323839626461663337366565383964613661316132356330666638313938
3463336636343030660a616537323065383162326466343032623637333063643063303266366664
31663765346136636131393432656637353032353966373665643966303464333038356338623231
36646132633861386261323635613261653265383937346363383334333032303639303864336539
63616233633762643036306638366265623062363538376463356663633862356365366637313962
35356136643634613430386235613963653061316465393966346665313430333730333665313266
36396132383030383537613131383532633030363334316537383433323631373161376430313461
32363464623632653130666535633132383239343739393563333961666566386564313664353933
66363635663033653365356635353262666262323164366261353031313837313135326437306263
37633231333361646432303763383137383338353239363861383335313732343232333931616464
35323065626565386164633066616334313062663862643262356661346139393135366463353232
61303533316438633833323761653462396539303630346230373031633530666463323334646364
30396334633732323934323730396434663563653361633738376438363465646663373465623961
61353039633661393730633063303032663563313335636665646132323133386632386666623763
39623237396364373331306437336134323530363832613236326666386634326134316330333330
64613433376131353435323734363530393464653162653365326432623535386162303432313038
30633237653638303334373539623532633736306538396435346161376266373431653964343165
66623630633831633163376436666464636139306331343534363930306138313664653563366435
31336338306335663230313430383564646435623565653664373038633534656237353438386439
31326431343634313731323465303863333730313262396564346431633764356531366461626439
38353639303532646465663333633839356431313133636136356161666534316530316235343366
37333431646138323532306661333266373237303862656331353831383163363865643739323033
39343934316261333439353535383062653339656361636439353630626166336234346237623034
39613438333462393130613535373334656338626634316235376563626566363332306633393738
35653966316135343636613436643863653831313731323634616439316366376332373734383135
32303934626137626238303434626236343031366531306234336530353962333666303731393936
61373439353634616239323762653830303838393137313236633463636537653834333839633038
32656332353164626533353936653065303334613637303037666530313337353437353430666430
63343035323366643930343331353564366564313261316531346366366166326130623832393333
61393761383039313361653161633131383636303232626230343632323033363531643131656631
37396463343666336332646465653861323636656563616534653631613137666363633937386432
32383538663166353634326633386332303666633863623439316464623464316137373831316630
66316331623464313361656439316336613731396665383731396561366135643761306339383035
64353635363737353666336231383133323033373738633933633431666366393636626262373137
34636463613333396139366233633734386432303063653132623438393861623063653238333562
65333130363831356232363032303838373237613661373639666237643536383965396262633035
363039643632383263373436623235346536
